130556  126724  105699  126290  129633  118942  123077  134815  113670  138781  101722  127134  115952  133408  118382  120502  132026  127448  117314  112698  95370  125214  100409  98128  129283  111068  118791  112142  119776  142575  135506  131940  110901  131682  105759  114239  124556  119424  110366  119999  125484  97515  120362  118999  117072  140188  100789  119912  134472  118900  
123124  111182  101417  108899  119207  104917  116894  115769  110615  123995  93612  110789  109989  129829  95968  112762  129237  108582  102560  104374  94901  118819  112033  93036  112969  122753  103798  101491  112962  126463  115377  116352  104195  108044  99225  114390  115684  109910  97976  105317  119837  90608  112791  104194  99375  116633  101212  106019  125053  117667  
135485  124808  106728  115639  134849  119868  130734  133505  126172  131467  111909  120143  124203  130880  128342  120952  140800  123495  108740  116782  103769  126429  106620  94741  121314  148723  119184  115364  132660  139388  121019  139914  125151  124794  107508  131033  112650  127640  106699  117262  132146  104120  120640  127050  113398  127848  123530  125749  130937  131991  
125459  111899  103229  122247  125525  105127  118527  121988  118551  131384  109400  110276  115608  140991  109262  105216  121181  113712  110043  106270  97946  119232  109189  101656  118053  132406  112379  96951  102821  129912  125598  132760  121845  126754  100692  131731  115454  122459  112916  111525  114080  85093  100641  115416  105260  124686  111784  121784  131297  116768  
141079  125186  121568  125418  134174  115643  136884  130203  121502  148915  97885  104923  131884  142161  129104  122504  126053  118886  126702  122320  103532  130117  126966  103956  135568  151107  119830  107743  110781  146656  122894  136970  133653  115315  106928  130851  106847  142803  112602  101807  126601  101144  112896  120844  119012  118207  119821  130569  127844  128625  
147683  136032  118740  119770  124023  120747  132738  123024  131837  139340  125207  131661  119139  141872  124975  131215  137489  126430  113318  134715  108475  133194  111335  104477  140507  148198  120928  98920  130993  140378  129038  151177  132275  129494  111201  137725  126455  136901  118897  121352  128317  107504  127162  140940  124916  135407  122432  127498  148427  150992  
143055  125433  103832  119098  133249  121343  131130  129194  115902  138185  106070  122481  130567  134141  126919  127088  133280  124310  109930  122134  110674  142369  118118  115172  127727  144620  119370  105084  125414  128710  130009  144710  130117  133827  105734  125964  106048  135677  117172  119822  133207  94712  106330  123780  124500  132717  117226  129211  125365  134328  
137918  122614  113664  117282  138459  123216  135867  142168  130508  124071  109288  132657  131498  144311  122395  125614  138962  126624  128323  114906  116192  146751  122846  109863  118726  138327  124444  113577  127358  144328  130635  140362  127086  124658  115564  122225  112315  128134  115613  125544  142166  101745  123236  116947  116397  138190  117529  127771  142326  134962  
138267  131733  122499  127705  129635  114004  135799  141328  122309  143283  106841  126736  126044  151037  125696  118893  138500  130720  129749  117499  117646  143782  122846  116292  133730  136362  125123  118058  121521  149821  134027  148397  134328  134629  115564  121732  122505  137362  118398  117298  139768  95476  128157  126423  117675  131810  119247  132399  142191  132766  
131829  128735  114997  110124  129296  127592  125959  120352  126171  126522  104823  125553  128977  135870  133317  126559  132308  127874  113182  122318  106634  139214  110734  102407  127799  139327  117085  112548  124995  130248  132270  138041  133057  131729  112336  129503  118762  132420  120871  121040  136581  100595  111977  120650  127585  124605  118072  126973  139561  125354  
115637  113382  92797  100772  106517  104875  112692  114192  96214  113072  86198  98588  105601  122164  94853  102409  116938  99399  94551  100913  83383  112953  93526  86371  107359  114712  107869  94308  96559  114565  104033  112794  99346  102020  88361  102115  95485  106219  93803  103807  104423  87887  111357  100419  100849  110878  80652  90674  107951  109842  
134747  128596  116450  131355  130570  112804  126448  127479  115092  142334  112724  121153  117009  133231  116516  126135  137976  128677  113440  113651  107596  129191  112237  104518  126829  130379  121413  113803  120324  138952  121803  126784  123541  134537  108962  128706  114060  123005  111062  115476  136163  102293  119043  119194  118865  123850  119002  119494  131279  132090  
124759  124341  107984  108818  129717  102729  125884  116090  109750  137488  102853  108950  112345  126552  112290  115520  127377  123967  100376  109206  102710  125895  108369  93137  120445  129333  112179  104014  123557  132226  118619  132440  118591  125103  97316  118944  115654  117936  109672  106141  125056  98855  100331  112109  116461  118721  102417  117297  126139  113946  
140190  135472  122840  143630  133879  133365  138991  140238  134070  144549  112621  133319  133168  153023  131601  129492  147019  123382  134266  137023  105004  142939  120401  109421  135053  143963  128485  117838  124494  140907  144383  141336  125752  133658  112958  134245  128824  141066  118664  141412  126288  104819  128359  134547  122561  143793  127377  117693  146276  153031  
131558  125206  103173  118051  132463  120522  132145  131953  117238  129418  97442  130829  123919  119604  132273  115246  130080  122265  108974  121706  104009  130617  114359  105646  129779  136545  117712  107249  123814  132715  137265  131755  119231  124496  102148  122495  106736  122123  109002  119708  127215  95396  117708  128599  120005  133320  119129  121729  123351  122946  
121202  120411  108782  109333  116573  113611  125496  122150  116096  116879  97299  106518  109115  119428  111957  110798  128139  119730  105418  107231  103000  121022  99570  91209  117011  122641  120315  99795  109641  118207  107022  125094  120554  121385  97694  117493  97063  115283  102457  104701  123023  93605  118470  103304  104180  111737  104646  101618  126993  122287  
124676  112146  94715  106839  111437  111153  125431  122749  110552  106447  97693  121113  116401  117476  107884  111919  121577  112585  102276  100651  96679  127865  98679  95562  102969  117272  112779  98844  110532  119015  108029  127124  114527  121169  101864  108110  97862  114002  102638  112744  127612  82468  106090  99959  102574  121468  96232  100656  120513  119213  
111161  111938  92347  96697  105952  104267  111446  111407  101345  110524  85753  102425  100298  108565  106751  95479  112619  109368  91568  88246  90096  102401  88715  85942  113374  114522  99575  84765  97615  112694  110827  118890  96550  98627  82906  97761  91557  105425  87303  96171  102413  91431  104784  103481  94557  102889  89807  96953  103902  114534  
125824  114082  103323  104708  113116  98714  123533  114644  117533  123004  99954  119281  112829  127833  105603  116390  127212  117170  91206  112843  98404  121173  112434  95204  114236  124141  107207  103129  118712  120177  111338  130112  119048  126503  96675  121475  115426  121455  99281  114643  126296  96859  106294  111763  107734  122410  106784  113004  126517  126133  
158056  145955  125603  134023  137091  148418  152589  152520  154789  146786  131030  145415  150935  152646  142388  141026  149907  148798  134138  125050  131953  144920  128682  129456  150418  157036  133414  120558  138491  143333  153119  161039  146585  149555  120777  153231  119133  147328  130098  138529  148611  111367  137170  137583  129521  136782  132876  130981  153954  158685  
112071  112685  102917  92122  104819  105271  113620  113675  98782  102983  92552  109556  102926  111278  108420  111143  119537  119803  92713  96396  94639  114826  89640  91373  116334  110156  110583  88794  108422  117008  102151  115429  112079  105975  93512  97149  90053  114280  100327  102972  120656  85805  113165  100527  101949  109077  91653  102540  111820  114713  
147095  128330  120680  122115  124583  123829  138460  135336  121641  140080  119170  124357  124469  127939  142464  118219  138270  136538  112238  128797  108434  140771  113742  115768  137333  141853  135042  106950  136872  132172  118203  135252  135265  119803  103304  132783  111102  141877  116974  122697  137995  106073  127566  127402  126815  132420  129354  127892  139787  144101  
134279  120413  97143  117882  118907  117467  114403  119254  111587  136123  115221  118833  118588  126014  111743  113756  124384  125053  105741  108073  96545  123545  101736  101856  120894  135885  119661  103020  121800  131136  122047  123849  117799  125568  91525  121253  109999  122372  106862  116926  118553  94823  107197  112936  111146  113128  108984  116029  122480  125855  
140645  125409  111221  138507  136217  120486  134642  135251  125802  144368  111391  131406  117697  142676  125148  122790  131684  121664  119885  122770  96748  142082  118460  106013  120752  145345  122711  115477  129592  139925  134416  139140  126713  133237  108258  122093  121885  126862  121057  121115  130762  93377  115259  121149  123052  132577  113035  130343  131972  141515  
155634  138187  121373  124959  122326  116321  137925  135874  138969  144107  117788  133410  126779  142910  121804  141238  145505  137820  119165  129175  118436  138368  119193  121180  135918  147054  125017  110535  135033  145034  131550  140282  129187  137922  112383  145019  124528  138035  120468  118851  136615  103436  126583  132865  118445  123238  126496  131931  136787  134787  
144257  125277  118497  128166  131119  122305  131643  138457  131077  147654  123736  124198  122305  140725  122113  120291  134836  129383  121491  123517  115494  130463  116651  100611  141429  143097  130106  106128  144758  148408  135035  129492  128215  125136  111641  126183  117149  135648  113354  129298  131698  105375  136754  130055  121537  125647  128640  135044  152815  138892  
130965  122335  107191  111795  106235  113846  121621  121622  121256  129556  111466  116471  109000  123066  108604  108572  132630  128143  110928  106546  96307  119978  109301  107524  119096  122474  115455  100352  131056  132073  120872  125438  106772  121746  96920  113242  119034  129151  111131  111372  122279  92214  119465  110602  115448  117018  105137  110045  139705  117373  
132779  139719  114709  130021  133676  129841  147715  133390  128849  150002  116133  134081  126439  136605  130146  122555  139429  143496  117576  129791  120694  142011  121509  110251  140523  137719  128936  112543  133680  138376  136807  142489  132622  139224  118367  132246  127463  145189  121592  128497  136037  110064  116757  120819  129350  136594  126507  130531  155584  141711  
135366  126648  128615  117739  139029  113429  134524  130603  125819  144312  110824  140805  122954  150536  127997  122284  136537  136605  130334  119319  107989  144838  121681  112283  130980  142501  125350  112285  133474  147686  132409  135258  130214  130596  123536  132106  124426  135195  116524  121797  147868  106611  123978  120781  125728  142918  124316  131240  151087  133615  
144899  138023  124283  128620  147037  140664  155862  154892  146161  149983  129472  144657  140746  162876  149428  135010  160753  143733  119011  127310  121003  157106  137484  112405  147490  159766  132141  127472  153166  149583  139132  164439  146051  141623  119522  140115  133652  150685  145065  144908  158011  109734  145325  131867  129885  143108  129369  140401  142351  154313  
145344  143068  134088  130619  145109  129030  144649  156096  138258  154488  119150  132750  135097  160619  141775  131874  152643  135877  140308  124542  122998  149207  122264  105476  145218  153068  135439  123159  139334  161529  142393  154802  144745  135828  124421  137201  124955  144365  131074  125067  143631  116691  132877  132795  132457  146872  123833  135425  159532  139905  
150149  146534  123773  145932  130279  133696  145980  150365  134911  154015  129844  133599  138027  149180  133296  135734  151809  140092  131584  136142  128047  136547  124322  116415  147751  140228  135489  129842  139797  152027  141807  145336  138545  148020  120170  142776  127088  140874  126906  136084  141320  114366  142099  145714  131052  140562  130928  129569  160236  145216  
131588  121703  120223  116592  129850  119184  126111  121531  117438  132120  105734  127326  116636  136056  118545  122271  140297  132400  118605  112761  101767  133280  114681  107243  126635  130955  123316  102758  125413  141656  128144  135929  116712  128563  105916  117453  118206  123416  122991  115994  137816  95305  128619  118825  119253  125664  105972  120527  135320  132304  
151121  145665  121425  126516  142751  132779  153264  146157  136178  155721  129494  140517  139355  149675  146579  135280  151261  145740  126009  142035  115722  140715  127791  115982  141755  152350  149531  128837  149800  152909  141552  157663  144752  151801  118896  134493  132542  153852  131742  139130  152979  115156  139107  136772  136009  140225  123124  139745  152870  149384  
154304  136796  120006  133912  128639  128164  141358  139679  136865  157837  129042  127334  135987  145521  141108  133302  141014  144159  127169  129219  124650  145578  120594  120340  147650  147607  125625  129700  145569  140154  129671  151992  152621  151982  112980  143693  120013  153311  119197  128830  142930  117673  132640  144646  125298  134334  131452  133311  144977  155429  
140138  139227  122863  122617  141872  126267  150285  143448  132928  143164  101059  127230  126998  135474  137624  131623  150256  142134  125677  124462  109144  141360  115252  108622  140740  133170  136221  119020  130905  144736  126976  138818  132658  137680  119703  133672  123680  144894  112680  118484  153101  114901  134746  119399  124706  134958  123312  127048  142366  128843  
138304  132821  115676  128978  128444  128054  141338  145622  125047  134396  106649  127506  127400  140436  129312  134640  161875  130056  116214  117327  120845  134143  110891  108352  126969  145429  125752  113508  143175  136873  129043  144527  117777  133569  108558  124476  113261  134190  121828  122825  141201  106869  141238  132573  124921  137635  118951  119331  136855  135413  
142458  135192  121427  114205  124368  117979  131942  130048  126668  131292  113073  135840  127880  139992  130896  125271  130977  132449  118211  128185  110692  127307  110784  113324  133092  148818  124206  104193  119983  135589  126863  147589  131073  122340  107461  132509  110088  141353  106509  112712  131385  104289  121328  128228  112632  125250  131584  125883  134108  141802  
158778  143421  129280  135872  136377  129762  150875  136030  139568  154925  119231  145074  138330  153150  128935  141178  151169  139345  132212  129010  120508  146550  134650  124350  155339  151560  133108  124831  143111  155277  144418  156707  130791  141946  122126  139979  130812  154668  129598  124363  146329  113684  137188  140145  130110  147594  125316  134347  159027  152250  
140225  133280  116124  122169  132155  125449  134959  123404  117007  135773  106822  120310  121324  133232  119789  123719  136564  128342  116995  123798  97473  122243  113530  103833  132159  145766  138954  107001  115212  142027  130341  138705  128613  115000  106840  121227  118537  131294  107162  107721  129622  110634  120882  121105  118237  128418  105896  120310  140079  144723  
125030  115712  108115  106657  110608  108595  115555  111886  118016  118986  114300  110925  104688  130568  110310  102216  117390  115292  113564  106125  87034  115048  95041  94227  117883  129845  119318  98258  113712  121039  116493  124541  116882  116360  99185  122174  103023  110587  109528  107676  113620  85486  114798  116283  105205  111830  101640  105211  128400  127141  
157886  153220  121676  132464  152317  138995  162917  157979  141987  166348  119267  146395  147213  151902  154266  132492  164105  146033  127178  141390  124202  161218  135353  126214  158650  159965  146569  127510  153083  161084  155723  164583  135635  155498  119551  145932  138802  158679  140892  145740  150912  113347  143295  146142  143748  156037  140479  150847  156738  147720  
137704  130063  115164  113950  136406  122546  138773  136923  135504  132678  110684  123175  118563  137674  123108  121071  135124  122580  119822  119116  105557  122637  113163  102759  127024  138531  135221  108702  128117  136897  133046  140328  123724  124256  109669  123252  109552  125068  112547  116754  133500  96389  119211  113014  112727  120256  122751  125392  131778  140697  
132547  123074  117442  123733  129552  119310  137239  129254  121467  140806  109088  118058  123932  136815  131486  127257  142700  123707  124315  130919  109703  133975  125110  104715  121930  149164  122816  109572  140866  137637  122944  138199  113412  120271  107522  128807  115263  127652  118416  119523  143363  90152  132839  122418  118556  122638  122907  121195  129757  133936  
147592  128294  115724  116519  116948  128691  139769  143127  124103  136939  116781  121994  131924  136905  128889  124406  144545  131156  124646  115307  108398  120490  111097  120328  126470  134597  130957  112004  122198  145997  127209  152172  126939  125052  118586  122927  118385  134768  122071  119677  136322  97581  130058  121797  114836  136897  104032  115296  141553  144713  
145325  136328  114324  135353  131926  131489  145651  133835  132892  144933  121104  131436  121860  138107  129309  134641  153820  129517  119356  124833  115895  135783  120549  109902  141640  142797  138405  121805  139892  146207  136065  135579  125823  130109  116511  132808  128611  134934  125532  127227  143980  104040  135791  135024  125313  135519  124767  131048  151265  139941  
147204  126518  120645  134779  132622  123111  133871  129852  130665  144770  126856  131760  133343  149784  126357  135500  129581  127103  133470  119564  127718  140838  125727  120491  133588  147447  125040  103128  121845  144489  135624  141436  140928  131138  115325  131745  115826  137274  125885  120594  140455  98139  124404  125326  118867  131378  122791  130820  148628  141502  
133150  135776  116974  121539  145262  128905  146098  132461  125541  137741  116658  128283  129029  142934  126871  129911  143206  141327  117253  121347  109095  151819  113038  106305  134383  147333  136120  114743  139513  141848  131267  150643  142484  142024  122939  125436  117515  140994  136561  130034  145942  106554  116926  122758  134146  140889  108648  132648  143747  142884  
167360  147871  135118  139957  138352  123160  147906  145785  141459  159745  127894  146128  143357  156689  129647  148644  146746  144392  136537  134471  131810  163681  135108  129171  144579  154200  131828  124848  154696  163942  142165  159898  144217  155867  128047  143962  135759  151210  129141  131729  158237  107869  129080  133081  132636  148424  130276  141010  159425  147737  
140148  129726  117964  113132  130311  121528  140985  126706  132103  146755  120295  134067  123787  137683  124521  111918  123921  145684  117981  114171  116380  139689  111962  113127  133177  141580  128080  103312  141496  138202  135379  147624  131418  129936  117717  122611  117378  139142  116217  120555  142292  107394  123774  121074  126947  130250  117053  131230  147591  143866  
152163  139466  124834  128472  142530  137039  151755  146708  142239  135462  113485  142386  135492  142112  133621  143397  151618  137135  129356  131031  119537  145587  128207  119217  126207  155323  136408  115360  143662  151237  151675  154629  125603  131460  117995  124223  128692  133623  128419  133955  141321  100779  134017  126611  126141  140509  115466  127146  145091  144858  
132151  114621  107404  125827  120062  120117  137677  130132  120154  137381  112960  122246  121356  136016  123332  107644  136562  122596  110575  115644  102411  136243  118776  112996  109951  145110  116185  107194  139540  131109  123286  141075  118172  120447  101302  121607  118850  135723  119496  117077  131620  85114  120450  120301  119778  127284  119728  120208  131248  136431  
135080  118492  107056  124154  125729  117811  110160  118672  113242  130433  116724  120945  109387  132714  119755  118933  125287  114101  116344  118732  103138  128270  101387  104898  123585  133702  124999  101638  124704  132408  131723  128848  114479  121776  97654  118901  119362  113011  112427  121744  120958  90914  115783  115964  118736  122918  106524  118623  131266  133102  
142049  111098  112009  129440  119273  117851  131642  120200  123699  151425  120981  121323  127240  137794  115186  118883  130057  128348  112031  120361  118664  136318  125273  104955  132361  139983  128790  108836  140464  128957  123773  130589  132686  126080  100815  121735  105816  135989  119582  124631  131426  98185  123229  119893  115501  117975  122920  130810  142680  143646  
113446  111023  93879  100224  114103  105275  116757  118818  110558  116644  96949  105029  103008  124936  98490  98630  114682  113443  109636  107031  90927  124993  98886  93697  104354  109288  103477  100109  120522  124616  110784  107142  110634  116311  108841  104423  110560  109424  101877  112583  123990  90869  107035  107502  109537  121117  94886  110416  132606  114475  
138613  126608  104244  118613  125349  125646  122942  134845  115899  137896  107055  120762  124284  136992  126646  118524  136140  124651  123363  116686  101359  135145  113885  103054  126001  119460  124772  110904  122109  130434  129663  123911  116496  130107  104759  114746  111434  125068  124576  127020  128802  98338  117459  119289  121019  132518  103387  116372  134051  127432  
131433  131298  106541  105383  132789  129997  125728  136802  129388  131866  109834  126301  125002  147348  126606  119113  142370  131985  118197  118553  107164  136754  112787  109503  123467  135584  124149  112797  133645  134818  144052  142359  120769  131592  105148  117206  132032  131554  122486  130369  132379  99308  127994  117811  123968  127911  112693  127306  140784  121730  
144891  128662  113225  119260  117960  123925  131985  138616  132605  130774  132769  127337  114913  137053  118212  114919  135820  131024  116303  113227  100897  134637  100285  104458  121402  137917  123958  107280  144331  144041  118607  136558  132585  127683  116791  128028  114307  125138  114273  119900  139544  96230  123387  123181  118292  126017  115478  122365  140805  143111  
146896  143788  113612  132012  135771  131463  142813  136052  130793  148063  116295  133337  133863  144186  131375  120709  137169  128428  126264  132339  105292  155896  120997  118581  131610  144554  126969  111074  134094  140746  136255  147119  122011  138182  106600  132088  128875  128161  119528  134832  142724  96767  122339  121167  132575  138189  124837  123922  138377  147372  
124192  122667  111933  121260  114540  124461  132435  134956  128179  128801  118744  126375  124126  134816  119748  118164  128985  134641  129354  124348  118904  128126  113534  99226  108955  128980  118403  105404  134296  135713  127369  134160  118793  129588  114081  118237  117823  119647  111201  132054  137046  91135  127270  113847  112484  124871  119341  112447  150389  133407  
150653  137578  123899  128743  138031  123216  146771  132410  133775  153887  126177  135591  125573  150375  122028  141255  148023  143650  121798  137384  123736  148486  116810  118048  151548  150602  128629  112010  155622  150517  142614  155138  144874  148385  128082  143254  137039  153873  119072  128445  145787  105448  127859  143492  129151  146802  131886  137864  156218  147524  
110287  121348  98985  97627  108427  102940  117969  110712  109216  112758  86508  113904  112536  123549  102827  96669  119656  113610  92437  97004  89759  119103  108096  85852  112934  117784  104807  96536  97586  116813  111877  122379  101033  114591  85951  106034  97123  114198  98518  109683  114413  92638  106560  104855  103264  103725  103775  99689  106086  110535  
136520  127837  107073  126405  135031  126673  143130  138123  130513  146089  111005  117679  130266  135615  128323  123407  133605  124267  117660  121668  113548  141397  118742  105168  129110  142249  115566  113521  132929  136549  124113  138671  128914  130102  105620  127422  111122  129405  120092  123050  132134  100131  118458  116722  121212  123026  113639  121926  126027  137383  
126125  124737  94611  114928  123556  122412  122017  119797  115241  124084  100888  114186  123138  127664  116657  121300  126427  113855  112723  105144  103265  127960  109566  103931  116334  134546  102296  103228  108218  125354  128860  126133  111826  123981  98859  114088  103146  119339  107248  118100  117498  95489  114209  124458  112622  126401  106070  106457  115456  130449  
135692  116021  111614  119719  120765  110864  129011  126211  117205  127409  106093  128100  117824  131750  116662  131933  132540  134970  110208  110812  114974  128862  108204  113764  119985  124235  116872  113440  129912  133368  123390  137449  120760  132819  110969  128130  120554  127732  112611  111102  139711  89713  115863  115391  110457  133616  103933  123654  135486  116951  
122226  116162  103600  93778  113400  114256  126951  123943  123233  117497  103858  116059  105222  127281  114819  117041  128265  112979  106035  108748  97604  110856  104817  95221  117410  136734  105732  92127  119914  124483  121205  135346  113505  109103  105930  118233  110615  120355  101035  107681  116695  91033  116630  108271  100975  114293  97949  103314  121937  134607  
136291  120576  109811  127591  114278  123999  128768  136828  121766  130167  110843  118125  127185  119443  124467  124508  130462  134288  115005  123068  108136  123714  110363  100491  129253  130128  117482  112261  119384  137061  122183  136711  130453  117073  102793  124541  108789  121295  106829  123677  124442  93652  118426  121740  104877  117515  101663  115022  131465  127024  
136106  120349  119736  129786  119687  112739  127339  129644  117106  145180  110937  117500  120345  130218  131689  124626  128655  136234  112530  117111  113768  132476  99628  105172  129189  129874  126206  108989  139099  143863  123933  132153  132527  126020  105000  121615  123122  127368  114437  117808  136381  95370  112339  112928  122631  124617  108531  135350  137904  117245  
161823  153408  138743  148456  141302  134898  148843  152660  143126  174240  140650  146126  148975  167335  150264  134217  152644  147732  136265  134676  132561  163593  135896  132209  155517  159363  140088  131830  151758  158316  154142  158230  151758  162331  119056  154279  136342  153307  144114  145773  148950  118621  146468  148047  148589  149769  138164  141092  163106  153399  
110310  108360  94076  102705  104871  96726  104482  118211  98460  117965  95873  104981  105831  121579  102186  107082  117990  106118  104920  98335  98966  115399  95758  89859  109387  118676  96143  87160  103668  123327  109023  117671  105120  111471  93553  107526  91580  108620  101839  102170  109633  82799  106164  109973  96673  111230  95749  102335  110942  112093  
141173  135074  110874  125794  127258  124128  135628  129533  114746  141160  110051  117286  137078  140219  126390  135904  134131  122220  118252  127209  114968  136418  115328  109453  127983  147610  126961  105507  127374  131096  133556  132104  128677  131810  111307  121004  109390  136824  122143  129372  128510  98916  116721  125357  123162  138748  114675  118156  134862  132375  
143866  142208  127056  125577  142561  144563  146154  141262  141955  137619  107346  128893  140630  140960  145063  141374  143817  140779  130340  136930  114702  138553  124568  115237  134414  149728  129111  119352  131872  136620  147225  154659  133652  143547  110951  137021  121430  140576  122666  134077  134645  114192  134552  130371  136145  139367  118396  121087  144707  148515  
124909  116456  100067  128604  148000  129101  136837  134319  121744  137195  100210  117218  127540  134281  126983  114315  134054  116388  123089  124263  102169  143994  118561  96161  119345  129759  126537  117338  129959  125929  135037  126574  131915  131895  96055  113317  103628  120511  113201  127350  125327  102167  119922  123339  123395  136158  111947  120320  132011  137005  
150253  138768  109109  127787  132780  129692  146843  142142  132276  145269  121767  132144  134125  129596  141214  123870  140300  132701  116097  129541  113716  133240  119390  116161  130711  149644  127341  118167  136111  142980  137384  148124  139158  140567  105709  136303  122806  127146  113440  124270  137761  99777  123182  132810  125901  132083  123185  128295  140215  139261  
124289  119344  104340  107169  117528  102771  110566  120392  108263  135319  98558  109903  110184  141188  112569  113887  129520  113533  114543  103594  102947  119445  105330  96083  116684  120193  104630  96037  115587  124665  113808  116552  102299  121147  98146  106893  102824  119392  105737  107595  123980  92287  122209  112557  111458  119613  113397  120033  125355  114394  
125470  117014  106262  114621  113802  110584  116147  117079  113854  132073  103925  107663  114078  133621  109262  114542  125940  112056  111158  120213  101959  120290  106182  97810  115271  122398  108800  106693  124833  120561  118092  115299  115325  129685  100743  122772  112346  113400  105131  115387  118367  91225  111235  111661  119632  122489  108037  109566  138774  120963  
128892  112627  103702  117793  106748  107391  120232  122057  107754  132535  100081  103283  113865  114631  114695  109496  118547  119913  100014  110126  100195  115848  91362  97572  127557  126201  106276  95535  116305  129858  115569  128671  122826  114159  97504  121447  106930  115689  98259  105494  109266  87511  103591  116464  101169  123408  102009  112734  121074  126169  
134821  137331  112508  109113  122365  114806  121575  132677  118643  125116  107958  128162  118937  132130  123331  118561  126868  132272  109811  116064  93440  127674  104978  108265  116453  124264  122219  105920  122180  122977  124548  129563  113870  139399  102496  121231  114471  130683  112056  122728  132540  99236  117452  110013  122621  125233  115495  111784  129322  121917  
129257  121752  101952  112415  116688  109774  128629  122601  116923  132974  108380  110590  121699  127049  113180  107311  119731  122736  107490  108914  102325  127569  111671  97611  125103  121510  112984  107190  114825  122829  109713  127774  127293  127028  101220  119789  100524  128578  107888  110991  122209  100330  109160  111296  103432  114630  106207  110913  124629  131527  
153204  132244  122912  122492  135532  121410  131103  132341  127401  142278  119278  127543  131034  142280  125220  120072  136343  126763  124318  125575  101538  144199  118406  110824  129840  145340  124770  107407  129738  134355  124660  143497  126309  132896  106485  131633  108133  132454  117427  120638  134026  99961  125643  123263  122634  124408  130794  123587  139552  151583  
139452  127290  118148  122422  114889  125181  127277  130363  117534  132454  119107  115062  117762  128253  122455  124748  139509  134435  111774  114261  105579  126636  101415  99894  127146  134908  124627  110245  130293  140123  123805  136686  125373  116791  108345  126554  116400  119217  109978  118491  126250  94207  121172  122080  109032  124978  110153  113363  132250  137064  
133375  120151  120984  129658  147638  122674  143752  138289  132176  149047  118483  132965  127877  140131  145798  123160  141778  143533  126013  128795  122122  140213  126261  117573  136614  148999  135331  112775  132254  144703  134719  146720  138859  128147  108411  139894  127335  137655  119039  131844  147970  110133  133050  128091  122239  135694  123647  136585  142804  143139  
121502  111287  105813  119148  124206  113449  119994  133116  123595  131284  107451  115358  126960  144913  118779  112549  129339  116891  114557  108727  112536  129232  123296  103417  118272  130919  105847  111623  119147  125100  127964  135046  123511  128871  103145  123926  116415  133230  109829  128832  122945  92187  117428  109741  104682  125433  115248  115963  129336  131663  
141418  126676  123951  124306  130057  117735  129436  141765  131216  133158  104375  122364  131224  151134  124180  132138  140415  125169  124405  122599  114327  139170  114994  104983  124901  143422  121978  119556  128787  140281  131001  143258  137959  126589  113971  134234  118861  133701  111624  115114  131233  109282  120491  121135  120005  138747  115689  127564  144881  127817  
143522  145265  115498  116266  133543  115060  143515  129537  122651  145280  107629  128889  116245  134432  123463  130036  137769  127376  123411  129727  107986  134312  112320  113007  128876  142833  129199  108078  133160  145024  129902  144709  123631  135064  119185  119014  119905  141127  109497  108799  139345  110958  123608  127702  130499  136693  115445  124542  142382  140364  
168220  154374  130407  142615  158810  154255  162136  168547  161305  153566  132118  150057  146935  159882  156387  150334  172664  152032  138446  148412  125837  154554  128739  129043  148258  168290  147438  138506  167766  157778  159544  171068  152582  156635  124787  151524  144571  152951  130733  143070  158265  124211  150073  147369  147473  154883  138823  149898  167788  163179  
155485  151035  125652  129172  145762  139642  138101  150685  138479  157924  137349  135989  142649  163100  150226  134763  158653  146655  134857  132248  129665  145199  135888  129364  151431  155015  140500  124844  142098  146072  148048  158223  133669  153627  121244  143403  127950  156886  136577  148233  154136  118129  143631  139241  142627  143179  142718  141324  156383  153167  
132960  125025  116258  114206  122354  115127  126063  127274  120116  127497  96141  115213  123557  133495  122942  120252  126211  126702  107986  113886  106219  135014  109828  102511  124775  128333  111500  110057  127388  127919  121782  129157  131954  130695  98117  115795  107720  134231  104822  112726  126573  105042  120084  118736  126694  122319  110808  124532  134576  116205  
141734  131233  125597  131626  141842  127412  131502  131269  129031  142015  105386  114734  135275  148279  126033  130342  131607  126741  123997  132280  109904  134293  127886  104722  132705  151728  123000  121138  128787  140260  137001  136419  136013  136882  108173  134794  117592  135062  115486  121412  129466  109971  137623  131735  129776  126951  121329  126639  138451  135807  
130318  133781  104053  102119  125980  120815  131590  121280  117611  128414  103078  105570  123662  131204  119211  119661  125328  119824  107037  121503  103874  123963  108305  102608  127494  127452  124338  93865  113393  118299  127844  141502  119027  121586  106571  110244  106061  135466  114775  118802  122198  95656  108689  110352  120257  120979  115225  120557  130244  128723  
138365  131466  115436  118158  135051  129820  139106  136972  130996  133805  113239  134924  122664  148297  133540  135326  153152  134556  120466  127778  110069  140162  116585  115282  130982  149090  123447  115534  132764  147423  134239  152927  127255  128750  120383  133897  136554  143797  121327  126207  145533  102528  131387  133014  123168  141556  118374  129700  137183  144450  
135572  123964  98746  108225  127541  112555  129022  128449  127694  131106  102626  128027  115154  126645  108598  107376  131570  130930  112469  105251  100695  137300  112061  116744  117134  132079  118986  105665  120631  135244  127276  130882  116830  128494  102484  120243  119191  124223  102590  108766  130527  93770  114827  106261  110487  117289  113305  125522  131119  123364  
138887  126424  111903  112814  127728  118629  130668  138492  125876  128440  106452  125653  117865  128453  122830  121062  132437  128206  115161  119416  100929  138749  102622  114010  117164  129338  119630  107069  136780  138373  133358  149493  125491  131387  107306  120252  119547  116541  115865  115138  131958  91746  117703  115169  126176  134607  91720  119383  130576  127067  
132324  118702  112206  117943  107317  101264  116032  122137  116227  129156  110368  101951  117204  132889  98707  115845  121520  114657  114342  108616  103770  124703  102382  97797  115873  125433  109998  99309  124696  131141  115229  130747  117224  124675  102980  113340  108143  123645  98912  116801  116849  95428  119313  110801  108262  116803  101032  108018  133396  125166  
137482  131319  114615  120568  120003  113297  131970  123401  118577  140855  100878  125469  126120  136890  113035  114602  132368  126018  112248  116464  99713  134063  117358  102126  125203  137720  114055  111012  120128  131211  119605  126626  119283  126663  98296  123417  113415  129450  108070  108259  122727  104539  119197  114665  115289  115693  115491  116146  136282  129899  
128453  119856  113248  126513  121557  116660  125466  121770  119256  139053  114873  120837  118437  135262  107741  113892  132172  121578  115202  106021  109189  127562  114242  104863  121638  133013  111197  95148  122069  126864  125763  122644  117504  120383  100086  122383  106208  118711  111115  116212  122934  95947  113497  114314  113488  120826  111581  103836  134870  137261  
145135  131719  119680  132405  138613  125255  140939  142067  131732  151674  123443  133048  127579  146061  139355  122194  136404  135242  129362  119258  128339  150600  118756  124669  138642  145572  127113  109155  131725  147469  132747  151648  136642  128266  115526  131646  123876  140126  124344  120582  147586  102400  134135  124042  125000  129851  124276  136857  141912  144469  
132126  112421  109705  110449  122512  113102  129809  120416  113241  129640  104384  113677  121229  131642  122580  116694  135143  114084  100158  110240  106804  138401  111037  104187  125007  133543  106244  101666  131638  124559  117879  131336  127990  119411  103125  122799  110909  131858  108545  117264  124362  96613  115992  122464  120751  136040  115783  119528  133580  133752  
152586  128867  119721  138801  140139  136691  140206  140503  131832  138381  122113  133301  139222  132771  137726  127957  142640  141070  126921  124018  116638  147432  124893  124254  130977  146654  133256  116310  130326  145014  138416  151451  137669  137440  107810  135094  117137  134141  121531  129869  138075  99529  126229  126784  122633  137640  119955  125155  137826  150564  
155525  144103  133343  136822  139188  139671  149394  157564  147959  151884  131850  144649  128527  154832  148445  137857  159134  150746  135191  134920  128528  145272  125336  120323  151758  155057  135870  118794  150626  159641  148119  161420  147620  142199  125680  147004  134046  138594  127768  131235  156061  107696  142880  142145  132151  142006  127238  143202  159666  149662  

